==================================================
  CRUCIBLE — Final Predictions (eval mode, after training)
==================================================

  Example 1 ✓
    Input:      [6, 3, 12, 14, 10, 7, 12, 4, 6, 9, 2, 6, 10, 10, 7, 4]
    Target:     [6, 3, 12, 14, 10, 7, 12, 4, 6, 9, 2, 6, 10, 10, 7, 4]
    Predicted:  [6, 3, 12, 14, 10, 7, 12, 4, 6, 9, 2, 6, 10, 10, 7, 4]

  Example 2 ✓
    Input:      [3, 7, 7, 2, 5, 4, 1, 7, 11, 13, 5, 1, 15, 11, 4, 0]
    Target:     [3, 7, 7, 2, 5, 4, 1, 7, 11, 13, 5, 1, 15, 11, 4, 0]
    Predicted:  [3, 7, 7, 2, 5, 4, 1, 7, 11, 13, 5, 1, 15, 11, 4, 0]

  Example 3 ✓
    Input:      [11, 9, 5, 12, 11, 8, 0, 10, 10, 14, 9, 15, 11, 11, 15, 14]
    Target:     [11, 9, 5, 12, 11, 8, 0, 10, 10, 14, 9, 15, 11, 11, 15, 14]
    Predicted:  [11, 9, 5, 12, 11, 8, 0, 10, 10, 14, 9, 15, 11, 11, 15, 14]

  Example 4 ✓
    Input:      [13, 13, 14, 13, 2, 11, 6, 3, 15, 8, 2, 4, 2, 6, 4, 8]
    Target:     [13, 13, 14, 13, 2, 11, 6, 3, 15, 8, 2, 4, 2, 6, 4, 8]
    Predicted:  [13, 13, 14, 13, 2, 11, 6, 3, 15, 8, 2, 4, 2, 6, 4, 8]

  Example 5 ✓
    Input:      [6, 1, 3, 8, 11, 13, 1, 9, 8, 9, 4, 1, 3, 11, 14, 11]
    Target:     [6, 1, 3, 8, 11, 13, 1, 9, 8, 9, 4, 1, 3, 11, 14, 11]
    Predicted:  [6, 1, 3, 8, 11, 13, 1, 9, 8, 9, 4, 1, 3, 11, 14, 11]

  Example 6 ✓
    Input:      [6, 11, 12, 7, 14, 2, 13, 0, 3, 1, 7, 3, 1, 13, 5, 5]
    Target:     [6, 11, 12, 7, 14, 2, 13, 0, 3, 1, 7, 3, 1, 13, 5, 5]
    Predicted:  [6, 11, 12, 7, 14, 2, 13, 0, 3, 1, 7, 3, 1, 13, 5, 5]

  Example 7 ✓
    Input:      [9, 3, 5, 12, 14, 1, 9, 11, 1, 9, 13, 3, 13, 14, 15, 14]
    Target:     [9, 3, 5, 12, 14, 1, 9, 11, 1, 9, 13, 3, 13, 14, 15, 14]
    Predicted:  [9, 3, 5, 12, 14, 1, 9, 11, 1, 9, 13, 3, 13, 14, 15, 14]

  Example 8 ✓
    Input:      [7, 13, 6, 11, 8, 13, 7, 4, 15, 12, 1, 14, 4, 7, 9, 8]
    Target:     [7, 13, 6, 11, 8, 13, 7, 4, 15, 12, 1, 14, 4, 7, 9, 8]
    Predicted:  [7, 13, 6, 11, 8, 13, 7, 4, 15, 12, 1, 14, 4, 7, 9, 8]

==================================================
